P2:
- - 554.3827
  - 0.0
  - 320.5
  - 0.0
- - 0.0
  - 554.3827
  - 240.5
  - 0.0
- - 0.0
  - 0.0
  - 1.0
  - 0.0
R0_rect:
- - 1.0
  - 0.0
  - 0.0
- - 0.0
  - 1.0
  - 0.0
- - 0.0
  - 0.0
  - 1.0
Tr_velo_to_cam:
- - 3.267038948262524e-07
  - -0.9999999999999467
  - -7.71164393453816e-09
  - -7.330045614234448e-08
- - -0.023597482647776336
  - 1.0702549957386509e-13
  - -0.9997215406365354
  - 0.08525997031138902
- - 0.9997215406364821
  - 3.26794896532423e-07
  - -0.02359748264777517
  - -0.22430113207207558
